4369
4370
4371
4372
4373
4374
4375
4376
4377
4378
4379
4380
4381
4382
4383
4384
4385
4386
4387
4388
4389
4390
4391
4392
4393
4394
4395
4396
4397
4398
4399
4400
4401
4402
4403
4404
4405
4406
4407
4408
4409
4410
4411
4412
4413
4414
4415
4416
4417
4418
4419
4420
4421
4422
4423
4424
4425
4426
4427
4428
4429
4430
4431
4432
4433
4434
4435
4436
4437
4438
4439
4440
4441
4442
4443
4444
4445
4446
4447
4448
4449
4450
4451
4452
4453
4454
4455
4456
4457
4458
4459
4460
4461
4462
4463
4464
4465
4466
4467
4468
4482
4495
4521
4554
4564
4810
4818
4841
4843
4849
4850
4854
4864
4890
4893
4897
4905
4936
4938
4954
4955
4962
4964
4971
4972
4978
4979
4980
5003
5020
5023
5105
5159
5235
5392
5402
5494
5531
5545
5549
5552
5793
5794
5795
5796
5797
5798
5799
5800
5801
5802
5803
5804
5805
5806
5807
5808
5809
5810
5811
5812
5813
5814
5815
5816
5817
5818
5819
5820
5821
5822
5823
5824
5825
5826
5827
5828
5829
5830
5831
5832
5833
5834
5835
5836
5837
5838
5839
5840
5841
5842
5843
5844
5845
5846
5847
5848
5849
5850
5851
5852
5853
5854
5855
5856
5857
5858
5859
5860
5861
5862
5863
5864
5865
5866
5867
5868
5869
5870
5871
5872
5873
5874
5875
5876
5877
5878
5879
5880
5881
5882
5883
5884
5885
5886
5887
5888
5889
5890
5891
5892
5997
5998
5999
6099
6100
6190
6196
6199
6211
6288
6366
6678
6786
7172
7346
7563
7806
7841
7886
8047
8054
8257
8259
8305
8323
8350
8411
8434
8482
8504
8560
8686
8702
8707
8715
8722
8750
8756
8790
8806
8807
8854
8881
8882
8924
8925
8926
8927
8928
8929
8930
8931
8932
8933
8934
8935
8936
8937
8938
8939
8940
8941
8942
8943
8944
8945
8946
8947
8948
8949
8950
8951
8952
8953
8954
8955
8956
8957
8958
8959
8960
8961
8962
8963
8964
8965
8966
8967
8968
8969
8970
8971
8972
8973
8974
8975
8976
8977
8978
8979
8980
8981
8982
8983
8984
8985
8986
8987
8988
8989
8990
8991
8992
8993
8994
8995
8996
8997
8998
8999
9000
9001
9002
9003
9004
9005
9006
9007
9008
9009
9010
9011
9012
9013
9014
9015
9016
9017
9018
9019
9020
9021
9022
9023
9030
9059
9060
9090
9091
9092
9095
9156
9201
9234
9259
9261
9289
9317
9318
9327
9329
9335
9337
9338
9339
9343
9347
9348
9349
9352
9367
9368
9370
9371
9379
9407
9408
9528
9529
9530
9531
9532
9533
9534
9535
9536
9537
9538
9539
9540
9541
9542
9543
9544
9545
9546
9547
9548
9549
9550
9552
9553
9554
9557
9562
9563
9564
9569
9588
9613
9619
9620
9624
9626
9627
9628
9630
9631
9638
9639
9640
9641
9644
9646
9647
9649
9650
9651
9652
9653
9654
9655
9657
9658
9659
9662
9670
9671
9676
9685
9702
9728
9762
9763
9777
9781
9788
9789
9790
