9802
9803
9804
9805
9806
9807
9808
9809
9810
9811
9812
9813
9814
9815
9816
9817
9818
9819
9820
9821
9822
9823
9824
9825
9826
9827
9828
9829
9830
9831
9832
9833
9834
9835
9836
9837
9838
9839
9840
9841
9842
9843
9844
9845
9846
9847
9848
9849
9850
9851
9852
9853
9854
9855
9856
9857
9858
9859
9860
9861
9862
9863
9864
9865
9866
9867
9868
9869
9870
9871
9872
9873
9874
9875
9876
9877
9878
9879
9880
9881
9882
9883
9884
9885
9886
9887
9888
9889
9890
9891
9892
9893
9894
9895
9896
9897
9898
9899
9900
9902
9918
9966
9973
9976
9989
10000
10010
10011
10031
10076
10087
10098
10102
10191
10202
10224
10501
10703
10759
10761
10812
10858
10899
11040
11081
11089
11104
11105
11130
11134
11163
11215
11219
11224
11274
11278
11280
11307
11324
11338
11350
11353
11370
11413
11442
11463
11488
11509
11525
11601
11611
11718
11807
11839
11857
11876
11883
11884
11926
11929
11951
11975
11985
11986
12029
12079
12110
12140
12302
12314
12435
12493
12527
12530
12555
12611
12687
12707
12715
13022
13106
13155
13279
13287
13303
13438
13498
13536
13608
13727
14189
14190
14191
14192
14193
14194
14195
14196
14197
14198
14199
14200
14201
14202
14203
14204
14205
14206
14207
14208
14209
14210
14211
14212
14213
14214
14215
14216
14217
14218
14219
14220
14221
14222
14223
14224
14225
14226
14227
14228
14229
14230
14231
14232
14233
14234
14235
14236
14237
14238
14239
14240
14241
14242
14243
14244
14245
14246
14247
14248
14249
14250
14251
14252
14253
14254
14255
14256
14257
14258
14259
14260
14261
14262
14263
14264
14265
14266
14267
14268
14269
14270
14271
14272
14273
14274
14275
14276
14277
14278
14279
14280
14281
14282
14283
14284
14285
14286
14287
14361
14750
14782
14815
14863
14879
14890
14936
14941
14986
15099
15109
15242
15275
15297
15436
15437
15507
15518
15572
15581
15606
15649
15772
15795
15859
15961
15962
16026
16211
16244
16833
16837
17064
17159
17473
17533
17625
17771
17779
17790
17912
17921
19702
19703
19704
19705
19706
19707
19708
19709
19710
19711
19712
19713
19714
19715
19716
19717
19718
19719
19720
19721
19722
19723
19724
19725
19726
19727
19728
19729
19730
19731
19732
19733
19734
19735
19736
19737
19738
19739
19740
19741
19742
19743
19744
19745
19746
19747
19748
19749
19750
19751
19752
19753
19754
19755
19756
19757
19758
19759
19760
19761
19762
19763
19764
19765
19766
19767
19768
19769
19770
19771
19772
19773
19774
19775
19776
19777
19778
19779
19780
19781
19782
19783
19784
19785
19786
19787
19788
19789
19790
19791
19792
19793
19794
19795
19796
19797
19798
19799
19800
19801
19812
19818
19821
19825
19829
19837
19845
19849
19850
19872
19902
19922
19931
19932
19936
19949
19957
19981
19999
20000
20015
20020
20022
20063
20065
20067
20092
20112
20124
20125
20129
20162
21907
21908
21909
21910
21911
21912
21913
21914
21915
21916
21917
21918
21919
21920
21921
21922
21923
21924
21925
21926
21927
21928
21929
21930
21931
21932
21933
21934
21935
21936
21937
21938
21939
21940
21941
21942
21943
21944
21945
21946
21947
21948
21949
21950
21951
21952
21953
21954
21955
21956
21957
21958
21959
21960
21961
21962
21963
21964
21965
21966
21967
21968
21969
21970
21971
21972
21973
21974
21975
21976
21977
21978
21979
21980
21981
21982
21983
21984
21985
21986
21987
21988
21989
21990
21991
21999
22021
22023
22034
22037
22045
22087
22125
22146
22252
22278
22301
22311
22313
22319
22326
22349
22350
22373
22379
22382
22402
22422
22454
22509
22521
22526
22531
22532
22539
22545
22549
22553
22560
22572
22573
22575
22585
22586
22588
22598
22609
22610
22613
22621
22635
22639
22647
22658
22666
22667
22672
22683
22685
22709
22710
22736
22769
22779
22784
22785
22786
22803
22805
22806
22815
22828
22836
22844
22876
22878
22884
22886
22891
22895
22920
22921
22943
22949
22953
22973
23005
23006
23008
