23009
23010
23011
23012
23013
23014
23017
23020
23021
23022
23026
23027
23028
23030
23032
23034
23036
23039
23040
23041
23042
23043
23044
23050
23052
23053
23054
23058
23062
23070
23071
23076
23078
23079
23080
23082
23085
23086
23087
23088
23089
23090
23091
23092
23093
23094
23095
23096
23097
23098
23099
23100
23101
23102
23103
23104
23105
23106
23107
23108
23109
23110
23111
23112
23113
23114
23115
23116
23117
23118
23119
23120
23121
23122
23123
23124
23125
23126
23215
23247
23271
23360
23614
23711
23878
24046
24059
24075
24303
24435
24455
24483
24526
24737
24768
24952
24958
24980
25083
25123
25191
25363
25374
25409
25446
25498
25661
25701
26015
26018
26069
26094
26120
26166
26220
26246
26248
26342
26369
26409
26445
26450
26481
26484
26508
26542
26579
26629
26662
26678
26699
26709
26716
26749
26997
27025
27082
27097
27099
27173
27362
27477
27550
27553
27612
27634
27871
27936
27958
28022
28026
28042
28066
28105
28139
28288
28308
28324
28481
28503
28546
28573
28661
28680
28783
28824
28854
28862
28971
29011
29020
29030
29086
29135
29152
29203
29226
29306
29331
29379
29443
29454
29501
29627
29641
29697
29809
30054
30075
30165
30186
30216
30223
30269
30280
30472
30524
30532
30565
30574
30600
30620
30757
30763
30772
30864
30869
30926
30995
31014
31048
31056
31165
31166
31187
31208
31210
31284
31367
31399
31404
31405
31419
31427
31461
31484
31627
31669
31754
31771
31794
31879
31963
31970
31981
31990
32002
32036
32037
32044
32053
32143
32151
32179
32215
32325
32328
32331
32495
32554
32618
32672
32693
32739
32751
32764
32771
32786
32790
32801
32819
32834
32869
32873
32887
32917
32918
32921
32927
32929
32932
32954
32955
33021
33034
33035
33102
33157
33162
33173
33174
33344
33346
33351
33389
33427
33507
33508
33509
33510
33511
33512
33513
33514
33515
33517
33519
33521
33522
33526
33528
33533
33534
33537
33541
33545
33546
33547
33558
33562
33568
33573
33576
33577
33583
33591
33593
33600
33601
33603
33604
33605
33608
33609
33611
33614
33618
33620
33622
33646
33648
33649
33656
33658
33665
33669
33670
33671
33680
33681
33682
33684
33700
33727
33779
33789
33797
33827
33870
33884
33915
33917
33931
33951
33952
33959
33967
33969
33974
33995
34010
34030
34031
34114
34150
34151
34268
34314
34317
34321
34322
34398
34403
34413
34444
34458
35748
35749
35750
35751
35752
35753
35754
35755
35756
35757
35758
35759
35760
35761
35762
35763
35764
35765
35766
35767
35768
35769
35770
35771
35772
35773
35774
35775
35776
35777
35778
35779
35780
35781
35782
35783
35784
35785
35845
35854
35855
35858
35888
35941
35999
36002
36044
36108
36124
36153
36211
36218
36460
36532
36582
36594
36700
36828
36861
36876
36901
36943
37003
37035
37063
37107
37266
37294
37303
37328
37369
37436
37463
37498
37506
37518
37532
37555
37575
37580
37583
37598
37603
37605
37741
37777
37783
37813
37931
37960
37961
37997
38006
38083
38109
38121
38148
38151
38158
38167
38181
38197
38246
38263
38269
38309
38314
38332
38357
38367
38397
38413
38425
38428
38466
38467
38480
38483
38506
38521
38524
38539
38552
38582
38590
38605
38627
38639
38680
38689
38770
38853
38900
38908
38909
38919
38922
38942
38949
38972
39019
39025
39029
39034
39035
39043
39050
39078
39079
39111
39112
39123
39138
39146
39155
39163
39166
39187
39190
39191
39213
39235
39262
39264
39267
39268
39275
39280
39298
39336
39354
39366
39371
39405
39441
39471
39473
39479
39485
39487
39492
39493
39497
39498
39501
39505
39541
39618
39619
39622
39625
39686
39708
39713
39714
39757
39764
39787
39801
39818
39823
39852
39888
39889
39890
